/*--------------------------------*- C++ -*----------------------------------*\
  =========                 |
  \\      /  F ield         | OpenFOAM: The Open Source CFD Toolbox
   \\    /   O peration     | Website:  https://openfoam.org
    \\  /    A nd           | Version:  13
     \\/     M anipulation  |
\*---------------------------------------------------------------------------*/
FoamFile
{
    format      ascii;
    class       faceList;
    location    "constant/polyMesh";
    object      faces;
}
// * * * * * * * * * * * * * * * * * * * * * * * * * * * * * * * * * * * * * //


1001
(
4(1 102 304 203)
4(2 103 305 204)
4(3 104 306 205)
4(4 105 307 206)
4(5 106 308 207)
4(6 107 309 208)
4(7 108 310 209)
4(8 109 311 210)
4(9 110 312 211)
4(10 111 313 212)
4(11 112 314 213)
4(12 113 315 214)
4(13 114 316 215)
4(14 115 317 216)
4(15 116 318 217)
4(16 117 319 218)
4(17 118 320 219)
4(18 119 321 220)
4(19 120 322 221)
4(20 121 323 222)
4(21 122 324 223)
4(22 123 325 224)
4(23 124 326 225)
4(24 125 327 226)
4(25 126 328 227)
4(26 127 329 228)
4(27 128 330 229)
4(28 129 331 230)
4(29 130 332 231)
4(30 131 333 232)
4(31 132 334 233)
4(32 133 335 234)
4(33 134 336 235)
4(34 135 337 236)
4(35 136 338 237)
4(36 137 339 238)
4(37 138 340 239)
4(38 139 341 240)
4(39 140 342 241)
4(40 141 343 242)
4(41 142 344 243)
4(42 143 345 244)
4(43 144 346 245)
4(44 145 347 246)
4(45 146 348 247)
4(46 147 349 248)
4(47 148 350 249)
4(48 149 351 250)
4(49 150 352 251)
4(50 151 353 252)
4(51 152 354 253)
4(52 153 355 254)
4(53 154 356 255)
4(54 155 357 256)
4(55 156 358 257)
4(56 157 359 258)
4(57 158 360 259)
4(58 159 361 260)
4(59 160 362 261)
4(60 161 363 262)
4(61 162 364 263)
4(62 163 365 264)
4(63 164 366 265)
4(64 165 367 266)
4(65 166 368 267)
4(66 167 369 268)
4(67 168 370 269)
4(68 169 371 270)
4(69 170 372 271)
4(70 171 373 272)
4(71 172 374 273)
4(72 173 375 274)
4(73 174 376 275)
4(74 175 377 276)
4(75 176 378 277)
4(76 177 379 278)
4(77 178 380 279)
4(78 179 381 280)
4(79 180 382 281)
4(80 181 383 282)
4(81 182 384 283)
4(82 183 385 284)
4(83 184 386 285)
4(84 185 387 286)
4(85 186 388 287)
4(86 187 389 288)
4(87 188 390 289)
4(88 189 391 290)
4(89 190 392 291)
4(90 191 393 292)
4(91 192 394 293)
4(92 193 395 294)
4(93 194 396 295)
4(94 195 397 296)
4(95 196 398 297)
4(96 197 399 298)
4(97 198 400 299)
4(98 199 401 300)
4(99 200 402 301)
4(100 201 403 302)
4(404 504 704 604)
4(405 505 705 605)
4(406 506 706 606)
4(407 507 707 607)
4(408 508 708 608)
4(409 509 709 609)
4(410 510 710 610)
4(411 511 711 611)
4(412 512 712 612)
4(413 513 713 613)
4(414 514 714 614)
4(415 515 715 615)
4(416 516 716 616)
4(417 517 717 617)
4(418 518 718 618)
4(419 519 719 619)
4(420 520 720 620)
4(421 521 721 621)
4(422 522 722 622)
4(423 523 723 623)
4(424 524 724 624)
4(425 525 725 625)
4(426 526 726 626)
4(427 527 727 627)
4(428 528 728 628)
4(429 529 729 629)
4(430 530 730 630)
4(431 531 731 631)
4(432 532 732 632)
4(433 533 733 633)
4(434 534 734 634)
4(435 535 735 635)
4(436 536 736 636)
4(437 537 737 637)
4(438 538 738 638)
4(439 539 739 639)
4(440 540 740 640)
4(441 541 741 641)
4(442 542 742 642)
4(443 543 743 643)
4(444 544 744 644)
4(445 545 745 645)
4(446 546 746 646)
4(447 547 747 647)
4(448 548 748 648)
4(449 549 749 649)
4(450 550 750 650)
4(451 551 751 651)
4(452 552 752 652)
4(453 553 753 653)
4(454 554 754 654)
4(455 555 755 655)
4(456 556 756 656)
4(457 557 757 657)
4(458 558 758 658)
4(459 559 759 659)
4(460 560 760 660)
4(461 561 761 661)
4(462 562 762 662)
4(463 563 763 663)
4(464 564 764 664)
4(465 565 765 665)
4(466 566 766 666)
4(467 567 767 667)
4(468 568 768 668)
4(469 569 769 669)
4(470 570 770 670)
4(471 571 771 671)
4(472 572 772 672)
4(473 573 773 673)
4(474 574 774 674)
4(475 575 775 675)
4(476 576 776 676)
4(477 577 777 677)
4(478 578 778 678)
4(479 579 779 679)
4(480 580 780 680)
4(481 581 781 681)
4(482 582 782 682)
4(483 583 783 683)
4(484 584 784 684)
4(485 585 785 685)
4(486 586 786 686)
4(487 587 787 687)
4(488 588 788 688)
4(489 589 789 689)
4(490 590 790 690)
4(491 591 791 691)
4(492 592 792 692)
4(493 593 793 693)
4(494 594 794 694)
4(495 595 795 695)
4(496 596 796 696)
4(497 597 797 697)
4(498 598 798 698)
4(499 599 799 699)
4(500 600 800 700)
4(501 601 801 701)
4(502 602 802 702)
4(0 202 303 101)
4(503 603 803 703)
4(0 1 203 202)
4(1 2 204 203)
4(2 3 205 204)
4(3 4 206 205)
4(4 5 207 206)
4(5 6 208 207)
4(6 7 209 208)
4(7 8 210 209)
4(8 9 211 210)
4(9 10 212 211)
4(10 11 213 212)
4(11 12 214 213)
4(12 13 215 214)
4(13 14 216 215)
4(14 15 217 216)
4(15 16 218 217)
4(16 17 219 218)
4(17 18 220 219)
4(18 19 221 220)
4(19 20 222 221)
4(20 21 223 222)
4(21 22 224 223)
4(22 23 225 224)
4(23 24 226 225)
4(24 25 227 226)
4(25 26 228 227)
4(26 27 229 228)
4(27 28 230 229)
4(28 29 231 230)
4(29 30 232 231)
4(30 31 233 232)
4(31 32 234 233)
4(32 33 235 234)
4(33 34 236 235)
4(34 35 237 236)
4(35 36 238 237)
4(36 37 239 238)
4(37 38 240 239)
4(38 39 241 240)
4(39 40 242 241)
4(40 41 243 242)
4(41 42 244 243)
4(42 43 245 244)
4(43 44 246 245)
4(44 45 247 246)
4(45 46 248 247)
4(46 47 249 248)
4(47 48 250 249)
4(48 49 251 250)
4(49 50 252 251)
4(50 51 253 252)
4(51 52 254 253)
4(52 53 255 254)
4(53 54 256 255)
4(54 55 257 256)
4(55 56 258 257)
4(56 57 259 258)
4(57 58 260 259)
4(58 59 261 260)
4(59 60 262 261)
4(60 61 263 262)
4(61 62 264 263)
4(62 63 265 264)
4(63 64 266 265)
4(64 65 267 266)
4(65 66 268 267)
4(66 67 269 268)
4(67 68 270 269)
4(68 69 271 270)
4(69 70 272 271)
4(70 71 273 272)
4(71 72 274 273)
4(72 73 275 274)
4(73 74 276 275)
4(74 75 277 276)
4(75 76 278 277)
4(76 77 279 278)
4(77 78 280 279)
4(78 79 281 280)
4(79 80 282 281)
4(80 81 283 282)
4(81 82 284 283)
4(82 83 285 284)
4(83 84 286 285)
4(84 85 287 286)
4(85 86 288 287)
4(86 87 289 288)
4(87 88 290 289)
4(88 89 291 290)
4(89 90 292 291)
4(90 91 293 292)
4(91 92 294 293)
4(92 93 295 294)
4(93 94 296 295)
4(94 95 297 296)
4(95 96 298 297)
4(96 97 299 298)
4(97 98 300 299)
4(98 99 301 300)
4(99 100 302 301)
4(101 303 304 102)
4(102 304 305 103)
4(103 305 306 104)
4(104 306 307 105)
4(105 307 308 106)
4(106 308 309 107)
4(107 309 310 108)
4(108 310 311 109)
4(109 311 312 110)
4(110 312 313 111)
4(111 313 314 112)
4(112 314 315 113)
4(113 315 316 114)
4(114 316 317 115)
4(115 317 318 116)
4(116 318 319 117)
4(117 319 320 118)
4(118 320 321 119)
4(119 321 322 120)
4(120 322 323 121)
4(121 323 324 122)
4(122 324 325 123)
4(123 325 326 124)
4(124 326 327 125)
4(125 327 328 126)
4(126 328 329 127)
4(127 329 330 128)
4(128 330 331 129)
4(129 331 332 130)
4(130 332 333 131)
4(131 333 334 132)
4(132 334 335 133)
4(133 335 336 134)
4(134 336 337 135)
4(135 337 338 136)
4(136 338 339 137)
4(137 339 340 138)
4(138 340 341 139)
4(139 341 342 140)
4(140 342 343 141)
4(141 343 344 142)
4(142 344 345 143)
4(143 345 346 144)
4(144 346 347 145)
4(145 347 348 146)
4(146 348 349 147)
4(147 349 350 148)
4(148 350 351 149)
4(149 351 352 150)
4(150 352 353 151)
4(151 353 354 152)
4(152 354 355 153)
4(153 355 356 154)
4(154 356 357 155)
4(155 357 358 156)
4(156 358 359 157)
4(157 359 360 158)
4(158 360 361 159)
4(159 361 362 160)
4(160 362 363 161)
4(161 363 364 162)
4(162 364 365 163)
4(163 365 366 164)
4(164 366 367 165)
4(165 367 368 166)
4(166 368 369 167)
4(167 369 370 168)
4(168 370 371 169)
4(169 371 372 170)
4(170 372 373 171)
4(171 373 374 172)
4(172 374 375 173)
4(173 375 376 174)
4(174 376 377 175)
4(175 377 378 176)
4(176 378 379 177)
4(177 379 380 178)
4(178 380 381 179)
4(179 381 382 180)
4(180 382 383 181)
4(181 383 384 182)
4(182 384 385 183)
4(183 385 386 184)
4(184 386 387 185)
4(185 387 388 186)
4(186 388 389 187)
4(187 389 390 188)
4(188 390 391 189)
4(189 391 392 190)
4(190 392 393 191)
4(191 393 394 192)
4(192 394 395 193)
4(193 395 396 194)
4(194 396 397 195)
4(195 397 398 196)
4(196 398 399 197)
4(197 399 400 198)
4(198 400 401 199)
4(199 401 402 200)
4(200 402 403 201)
4(0 101 102 1)
4(1 102 103 2)
4(2 103 104 3)
4(3 104 105 4)
4(4 105 106 5)
4(5 106 107 6)
4(6 107 108 7)
4(7 108 109 8)
4(8 109 110 9)
4(9 110 111 10)
4(10 111 112 11)
4(11 112 113 12)
4(12 113 114 13)
4(13 114 115 14)
4(14 115 116 15)
4(15 116 117 16)
4(16 117 118 17)
4(17 118 119 18)
4(18 119 120 19)
4(19 120 121 20)
4(20 121 122 21)
4(21 122 123 22)
4(22 123 124 23)
4(23 124 125 24)
4(24 125 126 25)
4(25 126 127 26)
4(26 127 128 27)
4(27 128 129 28)
4(28 129 130 29)
4(29 130 131 30)
4(30 131 132 31)
4(31 132 133 32)
4(32 133 134 33)
4(33 134 135 34)
4(34 135 136 35)
4(35 136 137 36)
4(36 137 138 37)
4(37 138 139 38)
4(38 139 140 39)
4(39 140 141 40)
4(40 141 142 41)
4(41 142 143 42)
4(42 143 144 43)
4(43 144 145 44)
4(44 145 146 45)
4(45 146 147 46)
4(46 147 148 47)
4(47 148 149 48)
4(48 149 150 49)
4(49 150 151 50)
4(50 151 152 51)
4(51 152 153 52)
4(52 153 154 53)
4(53 154 155 54)
4(54 155 156 55)
4(55 156 157 56)
4(56 157 158 57)
4(57 158 159 58)
4(58 159 160 59)
4(59 160 161 60)
4(60 161 162 61)
4(61 162 163 62)
4(62 163 164 63)
4(63 164 165 64)
4(64 165 166 65)
4(65 166 167 66)
4(66 167 168 67)
4(67 168 169 68)
4(68 169 170 69)
4(69 170 171 70)
4(70 171 172 71)
4(71 172 173 72)
4(72 173 174 73)
4(73 174 175 74)
4(74 175 176 75)
4(75 176 177 76)
4(76 177 178 77)
4(77 178 179 78)
4(78 179 180 79)
4(79 180 181 80)
4(80 181 182 81)
4(81 182 183 82)
4(82 183 184 83)
4(83 184 185 84)
4(84 185 186 85)
4(85 186 187 86)
4(86 187 188 87)
4(87 188 189 88)
4(88 189 190 89)
4(89 190 191 90)
4(90 191 192 91)
4(91 192 193 92)
4(92 193 194 93)
4(93 194 195 94)
4(94 195 196 95)
4(95 196 197 96)
4(96 197 198 97)
4(97 198 199 98)
4(98 199 200 99)
4(99 200 201 100)
4(202 203 304 303)
4(203 204 305 304)
4(204 205 306 305)
4(205 206 307 306)
4(206 207 308 307)
4(207 208 309 308)
4(208 209 310 309)
4(209 210 311 310)
4(210 211 312 311)
4(211 212 313 312)
4(212 213 314 313)
4(213 214 315 314)
4(214 215 316 315)
4(215 216 317 316)
4(216 217 318 317)
4(217 218 319 318)
4(218 219 320 319)
4(219 220 321 320)
4(220 221 322 321)
4(221 222 323 322)
4(222 223 324 323)
4(223 224 325 324)
4(224 225 326 325)
4(225 226 327 326)
4(226 227 328 327)
4(227 228 329 328)
4(228 229 330 329)
4(229 230 331 330)
4(230 231 332 331)
4(231 232 333 332)
4(232 233 334 333)
4(233 234 335 334)
4(234 235 336 335)
4(235 236 337 336)
4(236 237 338 337)
4(237 238 339 338)
4(238 239 340 339)
4(239 240 341 340)
4(240 241 342 341)
4(241 242 343 342)
4(242 243 344 343)
4(243 244 345 344)
4(244 245 346 345)
4(245 246 347 346)
4(246 247 348 347)
4(247 248 349 348)
4(248 249 350 349)
4(249 250 351 350)
4(250 251 352 351)
4(251 252 353 352)
4(252 253 354 353)
4(253 254 355 354)
4(254 255 356 355)
4(255 256 357 356)
4(256 257 358 357)
4(257 258 359 358)
4(258 259 360 359)
4(259 260 361 360)
4(260 261 362 361)
4(261 262 363 362)
4(262 263 364 363)
4(263 264 365 364)
4(264 265 366 365)
4(265 266 367 366)
4(266 267 368 367)
4(267 268 369 368)
4(268 269 370 369)
4(269 270 371 370)
4(270 271 372 371)
4(271 272 373 372)
4(272 273 374 373)
4(273 274 375 374)
4(274 275 376 375)
4(275 276 377 376)
4(276 277 378 377)
4(277 278 379 378)
4(278 279 380 379)
4(279 280 381 380)
4(280 281 382 381)
4(281 282 383 382)
4(282 283 384 383)
4(283 284 385 384)
4(284 285 386 385)
4(285 286 387 386)
4(286 287 388 387)
4(287 288 389 388)
4(288 289 390 389)
4(289 290 391 390)
4(290 291 392 391)
4(291 292 393 392)
4(292 293 394 393)
4(293 294 395 394)
4(294 295 396 395)
4(295 296 397 396)
4(296 297 398 397)
4(297 298 399 398)
4(298 299 400 399)
4(299 300 401 400)
4(300 301 402 401)
4(301 302 403 402)
4(100 404 604 302)
4(404 405 605 604)
4(405 406 606 605)
4(406 407 607 606)
4(407 408 608 607)
4(408 409 609 608)
4(409 410 610 609)
4(410 411 611 610)
4(411 412 612 611)
4(412 413 613 612)
4(413 414 614 613)
4(414 415 615 614)
4(415 416 616 615)
4(416 417 617 616)
4(417 418 618 617)
4(418 419 619 618)
4(419 420 620 619)
4(420 421 621 620)
4(421 422 622 621)
4(422 423 623 622)
4(423 424 624 623)
4(424 425 625 624)
4(425 426 626 625)
4(426 427 627 626)
4(427 428 628 627)
4(428 429 629 628)
4(429 430 630 629)
4(430 431 631 630)
4(431 432 632 631)
4(432 433 633 632)
4(433 434 634 633)
4(434 435 635 634)
4(435 436 636 635)
4(436 437 637 636)
4(437 438 638 637)
4(438 439 639 638)
4(439 440 640 639)
4(440 441 641 640)
4(441 442 642 641)
4(442 443 643 642)
4(443 444 644 643)
4(444 445 645 644)
4(445 446 646 645)
4(446 447 647 646)
4(447 448 648 647)
4(448 449 649 648)
4(449 450 650 649)
4(450 451 651 650)
4(451 452 652 651)
4(452 453 653 652)
4(453 454 654 653)
4(454 455 655 654)
4(455 456 656 655)
4(456 457 657 656)
4(457 458 658 657)
4(458 459 659 658)
4(459 460 660 659)
4(460 461 661 660)
4(461 462 662 661)
4(462 463 663 662)
4(463 464 664 663)
4(464 465 665 664)
4(465 466 666 665)
4(466 467 667 666)
4(467 468 668 667)
4(468 469 669 668)
4(469 470 670 669)
4(470 471 671 670)
4(471 472 672 671)
4(472 473 673 672)
4(473 474 674 673)
4(474 475 675 674)
4(475 476 676 675)
4(476 477 677 676)
4(477 478 678 677)
4(478 479 679 678)
4(479 480 680 679)
4(480 481 681 680)
4(481 482 682 681)
4(482 483 683 682)
4(483 484 684 683)
4(484 485 685 684)
4(485 486 686 685)
4(486 487 687 686)
4(487 488 688 687)
4(488 489 689 688)
4(489 490 690 689)
4(490 491 691 690)
4(491 492 692 691)
4(492 493 693 692)
4(493 494 694 693)
4(494 495 695 694)
4(495 496 696 695)
4(496 497 697 696)
4(497 498 698 697)
4(498 499 699 698)
4(499 500 700 699)
4(500 501 701 700)
4(501 502 702 701)
4(502 503 703 702)
4(201 403 704 504)
4(504 704 705 505)
4(505 705 706 506)
4(506 706 707 507)
4(507 707 708 508)
4(508 708 709 509)
4(509 709 710 510)
4(510 710 711 511)
4(511 711 712 512)
4(512 712 713 513)
4(513 713 714 514)
4(514 714 715 515)
4(515 715 716 516)
4(516 716 717 517)
4(517 717 718 518)
4(518 718 719 519)
4(519 719 720 520)
4(520 720 721 521)
4(521 721 722 522)
4(522 722 723 523)
4(523 723 724 524)
4(524 724 725 525)
4(525 725 726 526)
4(526 726 727 527)
4(527 727 728 528)
4(528 728 729 529)
4(529 729 730 530)
4(530 730 731 531)
4(531 731 732 532)
4(532 732 733 533)
4(533 733 734 534)
4(534 734 735 535)
4(535 735 736 536)
4(536 736 737 537)
4(537 737 738 538)
4(538 738 739 539)
4(539 739 740 540)
4(540 740 741 541)
4(541 741 742 542)
4(542 742 743 543)
4(543 743 744 544)
4(544 744 745 545)
4(545 745 746 546)
4(546 746 747 547)
4(547 747 748 548)
4(548 748 749 549)
4(549 749 750 550)
4(550 750 751 551)
4(551 751 752 552)
4(552 752 753 553)
4(553 753 754 554)
4(554 754 755 555)
4(555 755 756 556)
4(556 756 757 557)
4(557 757 758 558)
4(558 758 759 559)
4(559 759 760 560)
4(560 760 761 561)
4(561 761 762 562)
4(562 762 763 563)
4(563 763 764 564)
4(564 764 765 565)
4(565 765 766 566)
4(566 766 767 567)
4(567 767 768 568)
4(568 768 769 569)
4(569 769 770 570)
4(570 770 771 571)
4(571 771 772 572)
4(572 772 773 573)
4(573 773 774 574)
4(574 774 775 575)
4(575 775 776 576)
4(576 776 777 577)
4(577 777 778 578)
4(578 778 779 579)
4(579 779 780 580)
4(580 780 781 581)
4(581 781 782 582)
4(582 782 783 583)
4(583 783 784 584)
4(584 784 785 585)
4(585 785 786 586)
4(586 786 787 587)
4(587 787 788 588)
4(588 788 789 589)
4(589 789 790 590)
4(590 790 791 591)
4(591 791 792 592)
4(592 792 793 593)
4(593 793 794 594)
4(594 794 795 595)
4(595 795 796 596)
4(596 796 797 597)
4(597 797 798 598)
4(598 798 799 599)
4(599 799 800 600)
4(600 800 801 601)
4(601 801 802 602)
4(602 802 803 603)
4(100 201 504 404)
4(404 504 505 405)
4(405 505 506 406)
4(406 506 507 407)
4(407 507 508 408)
4(408 508 509 409)
4(409 509 510 410)
4(410 510 511 411)
4(411 511 512 412)
4(412 512 513 413)
4(413 513 514 414)
4(414 514 515 415)
4(415 515 516 416)
4(416 516 517 417)
4(417 517 518 418)
4(418 518 519 419)
4(419 519 520 420)
4(420 520 521 421)
4(421 521 522 422)
4(422 522 523 423)
4(423 523 524 424)
4(424 524 525 425)
4(425 525 526 426)
4(426 526 527 427)
4(427 527 528 428)
4(428 528 529 429)
4(429 529 530 430)
4(430 530 531 431)
4(431 531 532 432)
4(432 532 533 433)
4(433 533 534 434)
4(434 534 535 435)
4(435 535 536 436)
4(436 536 537 437)
4(437 537 538 438)
4(438 538 539 439)
4(439 539 540 440)
4(440 540 541 441)
4(441 541 542 442)
4(442 542 543 443)
4(443 543 544 444)
4(444 544 545 445)
4(445 545 546 446)
4(446 546 547 447)
4(447 547 548 448)
4(448 548 549 449)
4(449 549 550 450)
4(450 550 551 451)
4(451 551 552 452)
4(452 552 553 453)
4(453 553 554 454)
4(454 554 555 455)
4(455 555 556 456)
4(456 556 557 457)
4(457 557 558 458)
4(458 558 559 459)
4(459 559 560 460)
4(460 560 561 461)
4(461 561 562 462)
4(462 562 563 463)
4(463 563 564 464)
4(464 564 565 465)
4(465 565 566 466)
4(466 566 567 467)
4(467 567 568 468)
4(468 568 569 469)
4(469 569 570 470)
4(470 570 571 471)
4(471 571 572 472)
4(472 572 573 473)
4(473 573 574 474)
4(474 574 575 475)
4(475 575 576 476)
4(476 576 577 477)
4(477 577 578 478)
4(478 578 579 479)
4(479 579 580 480)
4(480 580 581 481)
4(481 581 582 482)
4(482 582 583 483)
4(483 583 584 484)
4(484 584 585 485)
4(485 585 586 486)
4(486 586 587 487)
4(487 587 588 488)
4(488 588 589 489)
4(489 589 590 490)
4(490 590 591 491)
4(491 591 592 492)
4(492 592 593 493)
4(493 593 594 494)
4(494 594 595 495)
4(495 595 596 496)
4(496 596 597 497)
4(497 597 598 498)
4(498 598 599 499)
4(499 599 600 500)
4(500 600 601 501)
4(501 601 602 502)
4(502 602 603 503)
4(302 604 704 403)
4(604 605 705 704)
4(605 606 706 705)
4(606 607 707 706)
4(607 608 708 707)
4(608 609 709 708)
4(609 610 710 709)
4(610 611 711 710)
4(611 612 712 711)
4(612 613 713 712)
4(613 614 714 713)
4(614 615 715 714)
4(615 616 716 715)
4(616 617 717 716)
4(617 618 718 717)
4(618 619 719 718)
4(619 620 720 719)
4(620 621 721 720)
4(621 622 722 721)
4(622 623 723 722)
4(623 624 724 723)
4(624 625 725 724)
4(625 626 726 725)
4(626 627 727 726)
4(627 628 728 727)
4(628 629 729 728)
4(629 630 730 729)
4(630 631 731 730)
4(631 632 732 731)
4(632 633 733 732)
4(633 634 734 733)
4(634 635 735 734)
4(635 636 736 735)
4(636 637 737 736)
4(637 638 738 737)
4(638 639 739 738)
4(639 640 740 739)
4(640 641 741 740)
4(641 642 742 741)
4(642 643 743 742)
4(643 644 744 743)
4(644 645 745 744)
4(645 646 746 745)
4(646 647 747 746)
4(647 648 748 747)
4(648 649 749 748)
4(649 650 750 749)
4(650 651 751 750)
4(651 652 752 751)
4(652 653 753 752)
4(653 654 754 753)
4(654 655 755 754)
4(655 656 756 755)
4(656 657 757 756)
4(657 658 758 757)
4(658 659 759 758)
4(659 660 760 759)
4(660 661 761 760)
4(661 662 762 761)
4(662 663 763 762)
4(663 664 764 763)
4(664 665 765 764)
4(665 666 766 765)
4(666 667 767 766)
4(667 668 768 767)
4(668 669 769 768)
4(669 670 770 769)
4(670 671 771 770)
4(671 672 772 771)
4(672 673 773 772)
4(673 674 774 773)
4(674 675 775 774)
4(675 676 776 775)
4(676 677 777 776)
4(677 678 778 777)
4(678 679 779 778)
4(679 680 780 779)
4(680 681 781 780)
4(681 682 782 781)
4(682 683 783 782)
4(683 684 784 783)
4(684 685 785 784)
4(685 686 786 785)
4(686 687 787 786)
4(687 688 788 787)
4(688 689 789 788)
4(689 690 790 789)
4(690 691 791 790)
4(691 692 792 791)
4(692 693 793 792)
4(693 694 794 793)
4(694 695 795 794)
4(695 696 796 795)
4(696 697 797 796)
4(697 698 798 797)
4(698 699 799 798)
4(699 700 800 799)
4(700 701 801 800)
4(701 702 802 801)
4(702 703 803 802)
)


// ************************************************************************* //
