/*--------------------------------*- C++ -*----------------------------------*\
  =========                 |
  \\      /  F ield         | OpenFOAM: The Open Source CFD Toolbox
   \\    /   O peration     | Website:  https://openfoam.org
    \\  /    A nd           | Version:  13
     \\/     M anipulation  |
\*---------------------------------------------------------------------------*/
FoamFile
{
    format      ascii;
    class       vectorField;
    location    "constant/pyc/polyMesh";
    object      points;
}
// * * * * * * * * * * * * * * * * * * * * * * * * * * * * * * * * * * * * * //


404
(
(0 0 0)
(5e-06 0 0)
(1e-05 0 0)
(1.5e-05 0 0)
(2e-05 0 0)
(2.5e-05 0 0)
(3e-05 0 0)
(3.5e-05 0 0)
(4e-05 0 0)
(4.5e-05 0 0)
(5e-05 0 0)
(5.5e-05 0 0)
(6e-05 0 0)
(6.5e-05 0 0)
(7e-05 0 0)
(7.5e-05 0 0)
(8e-05 0 0)
(8.5e-05 0 0)
(9e-05 0 0)
(9.5e-05 0 0)
(0.0001 0 0)
(0.000105 0 0)
(0.00011 0 0)
(0.000115 0 0)
(0.00012 0 0)
(0.000125 0 0)
(0.00013 0 0)
(0.000135 0 0)
(0.00014 0 0)
(0.000145 0 0)
(0.00015 0 0)
(0.000155 0 0)
(0.00016 0 0)
(0.000165 0 0)
(0.00017 0 0)
(0.000175 0 0)
(0.00018 0 0)
(0.000185 0 0)
(0.00019 0 0)
(0.000195 0 0)
(0.0002 0 0)
(0.000205 0 0)
(0.00021 0 0)
(0.000215 0 0)
(0.00022 0 0)
(0.000225 0 0)
(0.00023 0 0)
(0.000235 0 0)
(0.00024 0 0)
(0.000245 0 0)
(0.00025 0 0)
(0.000255 0 0)
(0.00026 0 0)
(0.000265 0 0)
(0.00027 0 0)
(0.000275 0 0)
(0.00028 0 0)
(0.000285 0 0)
(0.00029 0 0)
(0.000295 0 0)
(0.0003 0 0)
(0.000305 0 0)
(0.00031 0 0)
(0.000315 0 0)
(0.00032 0 0)
(0.000325 0 0)
(0.00033 0 0)
(0.000335 0 0)
(0.00034 0 0)
(0.000345 0 0)
(0.00035 0 0)
(0.000355 0 0)
(0.00036 0 0)
(0.000365 0 0)
(0.00037 0 0)
(0.000375 0 0)
(0.00038 0 0)
(0.000385 0 0)
(0.00039 0 0)
(0.000395 0 0)
(0.0004 0 0)
(0.000405 0 0)
(0.00041 0 0)
(0.000415 0 0)
(0.00042 0 0)
(0.000425 0 0)
(0.00043 0 0)
(0.000435 0 0)
(0.00044 0 0)
(0.000445 0 0)
(0.00045 0 0)
(0.000455 0 0)
(0.00046 0 0)
(0.000465 0 0)
(0.00047 0 0)
(0.000475 0 0)
(0.00048 0 0)
(0.000485 0 0)
(0.00049 0 0)
(0.000495 0 0)
(0.0005 0 0)
(0 0.001 0)
(5e-06 0.001 0)
(1e-05 0.001 0)
(1.5e-05 0.001 0)
(2e-05 0.001 0)
(2.5e-05 0.001 0)
(3e-05 0.001 0)
(3.5e-05 0.001 0)
(4e-05 0.001 0)
(4.5e-05 0.001 0)
(5e-05 0.001 0)
(5.5e-05 0.001 0)
(6e-05 0.001 0)
(6.5e-05 0.001 0)
(7e-05 0.001 0)
(7.5e-05 0.001 0)
(8e-05 0.001 0)
(8.5e-05 0.001 0)
(9e-05 0.001 0)
(9.5e-05 0.001 0)
(0.0001 0.001 0)
(0.000105 0.001 0)
(0.00011 0.001 0)
(0.000115 0.001 0)
(0.00012 0.001 0)
(0.000125 0.001 0)
(0.00013 0.001 0)
(0.000135 0.001 0)
(0.00014 0.001 0)
(0.000145 0.001 0)
(0.00015 0.001 0)
(0.000155 0.001 0)
(0.00016 0.001 0)
(0.000165 0.001 0)
(0.00017 0.001 0)
(0.000175 0.001 0)
(0.00018 0.001 0)
(0.000185 0.001 0)
(0.00019 0.001 0)
(0.000195 0.001 0)
(0.0002 0.001 0)
(0.000205 0.001 0)
(0.00021 0.001 0)
(0.000215 0.001 0)
(0.00022 0.001 0)
(0.000225 0.001 0)
(0.00023 0.001 0)
(0.000235 0.001 0)
(0.00024 0.001 0)
(0.000245 0.001 0)
(0.00025 0.001 0)
(0.000255 0.001 0)
(0.00026 0.001 0)
(0.000265 0.001 0)
(0.00027 0.001 0)
(0.000275 0.001 0)
(0.00028 0.001 0)
(0.000285 0.001 0)
(0.00029 0.001 0)
(0.000295 0.001 0)
(0.0003 0.001 0)
(0.000305 0.001 0)
(0.00031 0.001 0)
(0.000315 0.001 0)
(0.00032 0.001 0)
(0.000325 0.001 0)
(0.00033 0.001 0)
(0.000335 0.001 0)
(0.00034 0.001 0)
(0.000345 0.001 0)
(0.00035 0.001 0)
(0.000355 0.001 0)
(0.00036 0.001 0)
(0.000365 0.001 0)
(0.00037 0.001 0)
(0.000375 0.001 0)
(0.00038 0.001 0)
(0.000385 0.001 0)
(0.00039 0.001 0)
(0.000395 0.001 0)
(0.0004 0.001 0)
(0.000405 0.001 0)
(0.00041 0.001 0)
(0.000415 0.001 0)
(0.00042 0.001 0)
(0.000425 0.001 0)
(0.00043 0.001 0)
(0.000435 0.001 0)
(0.00044 0.001 0)
(0.000445 0.001 0)
(0.00045 0.001 0)
(0.000455 0.001 0)
(0.00046 0.001 0)
(0.000465 0.001 0)
(0.00047 0.001 0)
(0.000475 0.001 0)
(0.00048 0.001 0)
(0.000485 0.001 0)
(0.00049 0.001 0)
(0.000495 0.001 0)
(0.0005 0.001 0)
(0 0 0.001)
(5e-06 0 0.001)
(1e-05 0 0.001)
(1.5e-05 0 0.001)
(2e-05 0 0.001)
(2.5e-05 0 0.001)
(3e-05 0 0.001)
(3.5e-05 0 0.001)
(4e-05 0 0.001)
(4.5e-05 0 0.001)
(5e-05 0 0.001)
(5.5e-05 0 0.001)
(6e-05 0 0.001)
(6.5e-05 0 0.001)
(7e-05 0 0.001)
(7.5e-05 0 0.001)
(8e-05 0 0.001)
(8.5e-05 0 0.001)
(9e-05 0 0.001)
(9.5e-05 0 0.001)
(0.0001 0 0.001)
(0.000105 0 0.001)
(0.00011 0 0.001)
(0.000115 0 0.001)
(0.00012 0 0.001)
(0.000125 0 0.001)
(0.00013 0 0.001)
(0.000135 0 0.001)
(0.00014 0 0.001)
(0.000145 0 0.001)
(0.00015 0 0.001)
(0.000155 0 0.001)
(0.00016 0 0.001)
(0.000165 0 0.001)
(0.00017 0 0.001)
(0.000175 0 0.001)
(0.00018 0 0.001)
(0.000185 0 0.001)
(0.00019 0 0.001)
(0.000195 0 0.001)
(0.0002 0 0.001)
(0.000205 0 0.001)
(0.00021 0 0.001)
(0.000215 0 0.001)
(0.00022 0 0.001)
(0.000225 0 0.001)
(0.00023 0 0.001)
(0.000235 0 0.001)
(0.00024 0 0.001)
(0.000245 0 0.001)
(0.00025 0 0.001)
(0.000255 0 0.001)
(0.00026 0 0.001)
(0.000265 0 0.001)
(0.00027 0 0.001)
(0.000275 0 0.001)
(0.00028 0 0.001)
(0.000285 0 0.001)
(0.00029 0 0.001)
(0.000295 0 0.001)
(0.0003 0 0.001)
(0.000305 0 0.001)
(0.00031 0 0.001)
(0.000315 0 0.001)
(0.00032 0 0.001)
(0.000325 0 0.001)
(0.00033 0 0.001)
(0.000335 0 0.001)
(0.00034 0 0.001)
(0.000345 0 0.001)
(0.00035 0 0.001)
(0.000355 0 0.001)
(0.00036 0 0.001)
(0.000365 0 0.001)
(0.00037 0 0.001)
(0.000375 0 0.001)
(0.00038 0 0.001)
(0.000385 0 0.001)
(0.00039 0 0.001)
(0.000395 0 0.001)
(0.0004 0 0.001)
(0.000405 0 0.001)
(0.00041 0 0.001)
(0.000415 0 0.001)
(0.00042 0 0.001)
(0.000425 0 0.001)
(0.00043 0 0.001)
(0.000435 0 0.001)
(0.00044 0 0.001)
(0.000445 0 0.001)
(0.00045 0 0.001)
(0.000455 0 0.001)
(0.00046 0 0.001)
(0.000465 0 0.001)
(0.00047 0 0.001)
(0.000475 0 0.001)
(0.00048 0 0.001)
(0.000485 0 0.001)
(0.00049 0 0.001)
(0.000495 0 0.001)
(0.0005 0 0.001)
(0 0.001 0.001)
(5e-06 0.001 0.001)
(1e-05 0.001 0.001)
(1.5e-05 0.001 0.001)
(2e-05 0.001 0.001)
(2.5e-05 0.001 0.001)
(3e-05 0.001 0.001)
(3.5e-05 0.001 0.001)
(4e-05 0.001 0.001)
(4.5e-05 0.001 0.001)
(5e-05 0.001 0.001)
(5.5e-05 0.001 0.001)
(6e-05 0.001 0.001)
(6.5e-05 0.001 0.001)
(7e-05 0.001 0.001)
(7.5e-05 0.001 0.001)
(8e-05 0.001 0.001)
(8.5e-05 0.001 0.001)
(9e-05 0.001 0.001)
(9.5e-05 0.001 0.001)
(0.0001 0.001 0.001)
(0.000105 0.001 0.001)
(0.00011 0.001 0.001)
(0.000115 0.001 0.001)
(0.00012 0.001 0.001)
(0.000125 0.001 0.001)
(0.00013 0.001 0.001)
(0.000135 0.001 0.001)
(0.00014 0.001 0.001)
(0.000145 0.001 0.001)
(0.00015 0.001 0.001)
(0.000155 0.001 0.001)
(0.00016 0.001 0.001)
(0.000165 0.001 0.001)
(0.00017 0.001 0.001)
(0.000175 0.001 0.001)
(0.00018 0.001 0.001)
(0.000185 0.001 0.001)
(0.00019 0.001 0.001)
(0.000195 0.001 0.001)
(0.0002 0.001 0.001)
(0.000205 0.001 0.001)
(0.00021 0.001 0.001)
(0.000215 0.001 0.001)
(0.00022 0.001 0.001)
(0.000225 0.001 0.001)
(0.00023 0.001 0.001)
(0.000235 0.001 0.001)
(0.00024 0.001 0.001)
(0.000245 0.001 0.001)
(0.00025 0.001 0.001)
(0.000255 0.001 0.001)
(0.00026 0.001 0.001)
(0.000265 0.001 0.001)
(0.00027 0.001 0.001)
(0.000275 0.001 0.001)
(0.00028 0.001 0.001)
(0.000285 0.001 0.001)
(0.00029 0.001 0.001)
(0.000295 0.001 0.001)
(0.0003 0.001 0.001)
(0.000305 0.001 0.001)
(0.00031 0.001 0.001)
(0.000315 0.001 0.001)
(0.00032 0.001 0.001)
(0.000325 0.001 0.001)
(0.00033 0.001 0.001)
(0.000335 0.001 0.001)
(0.00034 0.001 0.001)
(0.000345 0.001 0.001)
(0.00035 0.001 0.001)
(0.000355 0.001 0.001)
(0.00036 0.001 0.001)
(0.000365 0.001 0.001)
(0.00037 0.001 0.001)
(0.000375 0.001 0.001)
(0.00038 0.001 0.001)
(0.000385 0.001 0.001)
(0.00039 0.001 0.001)
(0.000395 0.001 0.001)
(0.0004 0.001 0.001)
(0.000405 0.001 0.001)
(0.00041 0.001 0.001)
(0.000415 0.001 0.001)
(0.00042 0.001 0.001)
(0.000425 0.001 0.001)
(0.00043 0.001 0.001)
(0.000435 0.001 0.001)
(0.00044 0.001 0.001)
(0.000445 0.001 0.001)
(0.00045 0.001 0.001)
(0.000455 0.001 0.001)
(0.00046 0.001 0.001)
(0.000465 0.001 0.001)
(0.00047 0.001 0.001)
(0.000475 0.001 0.001)
(0.00048 0.001 0.001)
(0.000485 0.001 0.001)
(0.00049 0.001 0.001)
(0.000495 0.001 0.001)
(0.0005 0.001 0.001)
)


// ************************************************************************* //
