/*--------------------------------*- C++ -*----------------------------------*\
  =========                 |
  \\      /  F ield         | OpenFOAM: The Open Source CFD Toolbox
   \\    /   O peration     | Website:  https://openfoam.org
    \\  /    A nd           | Version:  13
     \\/     M anipulation  |
\*---------------------------------------------------------------------------*/
FoamFile
{
    format      ascii;
    class       vectorField;
    location    "constant/sic/polyMesh";
    object      points;
}
// * * * * * * * * * * * * * * * * * * * * * * * * * * * * * * * * * * * * * //


404
(
(0.0005 0 0)
(0.0005 0.001 0)
(0.0005 0 0.001)
(0.0005 0.001 0.001)
(0.000505 0 0)
(0.00051 0 0)
(0.000515 0 0)
(0.00052 0 0)
(0.000525 0 0)
(0.00053 0 0)
(0.000535 0 0)
(0.00054 0 0)
(0.000545 0 0)
(0.00055 0 0)
(0.000555 0 0)
(0.00056 0 0)
(0.000565 0 0)
(0.00057 0 0)
(0.000575 0 0)
(0.00058 0 0)
(0.000585 0 0)
(0.00059 0 0)
(0.000595 0 0)
(0.0006 0 0)
(0.000605 0 0)
(0.00061 0 0)
(0.000615 0 0)
(0.00062 0 0)
(0.000625 0 0)
(0.00063 0 0)
(0.000635 0 0)
(0.00064 0 0)
(0.000645 0 0)
(0.00065 0 0)
(0.000655 0 0)
(0.00066 0 0)
(0.000665 0 0)
(0.00067 0 0)
(0.000675 0 0)
(0.00068 0 0)
(0.000685 0 0)
(0.00069 0 0)
(0.000695 0 0)
(0.0007 0 0)
(0.000705 0 0)
(0.00071 0 0)
(0.000715 0 0)
(0.00072 0 0)
(0.000725 0 0)
(0.00073 0 0)
(0.000735 0 0)
(0.00074 0 0)
(0.000745 0 0)
(0.00075 0 0)
(0.000755 0 0)
(0.00076 0 0)
(0.000765 0 0)
(0.00077 0 0)
(0.000775 0 0)
(0.00078 0 0)
(0.000785 0 0)
(0.00079 0 0)
(0.000795 0 0)
(0.0008 0 0)
(0.000805 0 0)
(0.00081 0 0)
(0.000815 0 0)
(0.00082 0 0)
(0.000825 0 0)
(0.00083 0 0)
(0.000835 0 0)
(0.00084 0 0)
(0.000845 0 0)
(0.00085 0 0)
(0.000855 0 0)
(0.00086 0 0)
(0.000865 0 0)
(0.00087 0 0)
(0.000875 0 0)
(0.00088 0 0)
(0.000885 0 0)
(0.00089 0 0)
(0.000895 0 0)
(0.0009 0 0)
(0.000905 0 0)
(0.00091 0 0)
(0.000915 0 0)
(0.00092 0 0)
(0.000925 0 0)
(0.00093 0 0)
(0.000935 0 0)
(0.00094 0 0)
(0.000945 0 0)
(0.00095 0 0)
(0.000955 0 0)
(0.00096 0 0)
(0.000965 0 0)
(0.00097 0 0)
(0.000975 0 0)
(0.00098 0 0)
(0.000985 0 0)
(0.00099 0 0)
(0.000995 0 0)
(0.001 0 0)
(0.000505 0.001 0)
(0.00051 0.001 0)
(0.000515 0.001 0)
(0.00052 0.001 0)
(0.000525 0.001 0)
(0.00053 0.001 0)
(0.000535 0.001 0)
(0.00054 0.001 0)
(0.000545 0.001 0)
(0.00055 0.001 0)
(0.000555 0.001 0)
(0.00056 0.001 0)
(0.000565 0.001 0)
(0.00057 0.001 0)
(0.000575 0.001 0)
(0.00058 0.001 0)
(0.000585 0.001 0)
(0.00059 0.001 0)
(0.000595 0.001 0)
(0.0006 0.001 0)
(0.000605 0.001 0)
(0.00061 0.001 0)
(0.000615 0.001 0)
(0.00062 0.001 0)
(0.000625 0.001 0)
(0.00063 0.001 0)
(0.000635 0.001 0)
(0.00064 0.001 0)
(0.000645 0.001 0)
(0.00065 0.001 0)
(0.000655 0.001 0)
(0.00066 0.001 0)
(0.000665 0.001 0)
(0.00067 0.001 0)
(0.000675 0.001 0)
(0.00068 0.001 0)
(0.000685 0.001 0)
(0.00069 0.001 0)
(0.000695 0.001 0)
(0.0007 0.001 0)
(0.000705 0.001 0)
(0.00071 0.001 0)
(0.000715 0.001 0)
(0.00072 0.001 0)
(0.000725 0.001 0)
(0.00073 0.001 0)
(0.000735 0.001 0)
(0.00074 0.001 0)
(0.000745 0.001 0)
(0.00075 0.001 0)
(0.000755 0.001 0)
(0.00076 0.001 0)
(0.000765 0.001 0)
(0.00077 0.001 0)
(0.000775 0.001 0)
(0.00078 0.001 0)
(0.000785 0.001 0)
(0.00079 0.001 0)
(0.000795 0.001 0)
(0.0008 0.001 0)
(0.000805 0.001 0)
(0.00081 0.001 0)
(0.000815 0.001 0)
(0.00082 0.001 0)
(0.000825 0.001 0)
(0.00083 0.001 0)
(0.000835 0.001 0)
(0.00084 0.001 0)
(0.000845 0.001 0)
(0.00085 0.001 0)
(0.000855 0.001 0)
(0.00086 0.001 0)
(0.000865 0.001 0)
(0.00087 0.001 0)
(0.000875 0.001 0)
(0.00088 0.001 0)
(0.000885 0.001 0)
(0.00089 0.001 0)
(0.000895 0.001 0)
(0.0009 0.001 0)
(0.000905 0.001 0)
(0.00091 0.001 0)
(0.000915 0.001 0)
(0.00092 0.001 0)
(0.000925 0.001 0)
(0.00093 0.001 0)
(0.000935 0.001 0)
(0.00094 0.001 0)
(0.000945 0.001 0)
(0.00095 0.001 0)
(0.000955 0.001 0)
(0.00096 0.001 0)
(0.000965 0.001 0)
(0.00097 0.001 0)
(0.000975 0.001 0)
(0.00098 0.001 0)
(0.000985 0.001 0)
(0.00099 0.001 0)
(0.000995 0.001 0)
(0.001 0.001 0)
(0.000505 0 0.001)
(0.00051 0 0.001)
(0.000515 0 0.001)
(0.00052 0 0.001)
(0.000525 0 0.001)
(0.00053 0 0.001)
(0.000535 0 0.001)
(0.00054 0 0.001)
(0.000545 0 0.001)
(0.00055 0 0.001)
(0.000555 0 0.001)
(0.00056 0 0.001)
(0.000565 0 0.001)
(0.00057 0 0.001)
(0.000575 0 0.001)
(0.00058 0 0.001)
(0.000585 0 0.001)
(0.00059 0 0.001)
(0.000595 0 0.001)
(0.0006 0 0.001)
(0.000605 0 0.001)
(0.00061 0 0.001)
(0.000615 0 0.001)
(0.00062 0 0.001)
(0.000625 0 0.001)
(0.00063 0 0.001)
(0.000635 0 0.001)
(0.00064 0 0.001)
(0.000645 0 0.001)
(0.00065 0 0.001)
(0.000655 0 0.001)
(0.00066 0 0.001)
(0.000665 0 0.001)
(0.00067 0 0.001)
(0.000675 0 0.001)
(0.00068 0 0.001)
(0.000685 0 0.001)
(0.00069 0 0.001)
(0.000695 0 0.001)
(0.0007 0 0.001)
(0.000705 0 0.001)
(0.00071 0 0.001)
(0.000715 0 0.001)
(0.00072 0 0.001)
(0.000725 0 0.001)
(0.00073 0 0.001)
(0.000735 0 0.001)
(0.00074 0 0.001)
(0.000745 0 0.001)
(0.00075 0 0.001)
(0.000755 0 0.001)
(0.00076 0 0.001)
(0.000765 0 0.001)
(0.00077 0 0.001)
(0.000775 0 0.001)
(0.00078 0 0.001)
(0.000785 0 0.001)
(0.00079 0 0.001)
(0.000795 0 0.001)
(0.0008 0 0.001)
(0.000805 0 0.001)
(0.00081 0 0.001)
(0.000815 0 0.001)
(0.00082 0 0.001)
(0.000825 0 0.001)
(0.00083 0 0.001)
(0.000835 0 0.001)
(0.00084 0 0.001)
(0.000845 0 0.001)
(0.00085 0 0.001)
(0.000855 0 0.001)
(0.00086 0 0.001)
(0.000865 0 0.001)
(0.00087 0 0.001)
(0.000875 0 0.001)
(0.00088 0 0.001)
(0.000885 0 0.001)
(0.00089 0 0.001)
(0.000895 0 0.001)
(0.0009 0 0.001)
(0.000905 0 0.001)
(0.00091 0 0.001)
(0.000915 0 0.001)
(0.00092 0 0.001)
(0.000925 0 0.001)
(0.00093 0 0.001)
(0.000935 0 0.001)
(0.00094 0 0.001)
(0.000945 0 0.001)
(0.00095 0 0.001)
(0.000955 0 0.001)
(0.00096 0 0.001)
(0.000965 0 0.001)
(0.00097 0 0.001)
(0.000975 0 0.001)
(0.00098 0 0.001)
(0.000985 0 0.001)
(0.00099 0 0.001)
(0.000995 0 0.001)
(0.001 0 0.001)
(0.000505 0.001 0.001)
(0.00051 0.001 0.001)
(0.000515 0.001 0.001)
(0.00052 0.001 0.001)
(0.000525 0.001 0.001)
(0.00053 0.001 0.001)
(0.000535 0.001 0.001)
(0.00054 0.001 0.001)
(0.000545 0.001 0.001)
(0.00055 0.001 0.001)
(0.000555 0.001 0.001)
(0.00056 0.001 0.001)
(0.000565 0.001 0.001)
(0.00057 0.001 0.001)
(0.000575 0.001 0.001)
(0.00058 0.001 0.001)
(0.000585 0.001 0.001)
(0.00059 0.001 0.001)
(0.000595 0.001 0.001)
(0.0006 0.001 0.001)
(0.000605 0.001 0.001)
(0.00061 0.001 0.001)
(0.000615 0.001 0.001)
(0.00062 0.001 0.001)
(0.000625 0.001 0.001)
(0.00063 0.001 0.001)
(0.000635 0.001 0.001)
(0.00064 0.001 0.001)
(0.000645 0.001 0.001)
(0.00065 0.001 0.001)
(0.000655 0.001 0.001)
(0.00066 0.001 0.001)
(0.000665 0.001 0.001)
(0.00067 0.001 0.001)
(0.000675 0.001 0.001)
(0.00068 0.001 0.001)
(0.000685 0.001 0.001)
(0.00069 0.001 0.001)
(0.000695 0.001 0.001)
(0.0007 0.001 0.001)
(0.000705 0.001 0.001)
(0.00071 0.001 0.001)
(0.000715 0.001 0.001)
(0.00072 0.001 0.001)
(0.000725 0.001 0.001)
(0.00073 0.001 0.001)
(0.000735 0.001 0.001)
(0.00074 0.001 0.001)
(0.000745 0.001 0.001)
(0.00075 0.001 0.001)
(0.000755 0.001 0.001)
(0.00076 0.001 0.001)
(0.000765 0.001 0.001)
(0.00077 0.001 0.001)
(0.000775 0.001 0.001)
(0.00078 0.001 0.001)
(0.000785 0.001 0.001)
(0.00079 0.001 0.001)
(0.000795 0.001 0.001)
(0.0008 0.001 0.001)
(0.000805 0.001 0.001)
(0.00081 0.001 0.001)
(0.000815 0.001 0.001)
(0.00082 0.001 0.001)
(0.000825 0.001 0.001)
(0.00083 0.001 0.001)
(0.000835 0.001 0.001)
(0.00084 0.001 0.001)
(0.000845 0.001 0.001)
(0.00085 0.001 0.001)
(0.000855 0.001 0.001)
(0.00086 0.001 0.001)
(0.000865 0.001 0.001)
(0.00087 0.001 0.001)
(0.000875 0.001 0.001)
(0.00088 0.001 0.001)
(0.000885 0.001 0.001)
(0.00089 0.001 0.001)
(0.000895 0.001 0.001)
(0.0009 0.001 0.001)
(0.000905 0.001 0.001)
(0.00091 0.001 0.001)
(0.000915 0.001 0.001)
(0.00092 0.001 0.001)
(0.000925 0.001 0.001)
(0.00093 0.001 0.001)
(0.000935 0.001 0.001)
(0.00094 0.001 0.001)
(0.000945 0.001 0.001)
(0.00095 0.001 0.001)
(0.000955 0.001 0.001)
(0.00096 0.001 0.001)
(0.000965 0.001 0.001)
(0.00097 0.001 0.001)
(0.000975 0.001 0.001)
(0.00098 0.001 0.001)
(0.000985 0.001 0.001)
(0.00099 0.001 0.001)
(0.000995 0.001 0.001)
(0.001 0.001 0.001)
)


// ************************************************************************* //
